%Monthly estimates of C20 from 5 SLR satellites based on GRACE RL06 models.
%Created May 10, 2019 - last month reported is April 2019.
out=[...
  3.652426000000e+02;...
  1.826213000000e+02;...
  3.840000000000e+03;...
  1.920000000000e+03;...
  8.533333333333e+02;...
  1.097142857143e+03;...
  5.485714285714e+02;...
  1.536000000000e+03;...
  2.648275862069e+02;...
  2.327272727273e+02;...
];